211.591415302 27.1195261634 0 0.898900446455 25
274.476440042 28.7219155887 0 0.674829426557 25
353.801140782 26.6074298184 0 0.750511163602 25
265.304547527 26.2618939864 0 0.699662208287 25
348.500713796 27.1165729967 0 0.66459791684 25
200.734502089 27.3955002584 0 0.872230710877 25
119.549320572 29.1865040113 0 0.854394096027 25
237.099219772 28.0495427699 0 0.699324710017 25
173.110733788 25.2740215029 0 0.946391040666 25
313.592826936 25.3697000356 0 0.798864428403 25
140.725372475 25.0289129826 0 0.656990801888 25
300.432865977 29.920182527 0 0.840208999402 25
122.89373488 26.9054308744 0 0.737789360548 25
18.7863608126 25.0853499151 0 0.773271326798 25
192.468382782 25.4051025518 0 0.809996137567 25
237.450878045 29.8960567872 0 0.73201197681 25
56.058574765 26.4546679258 0 0.931985998003 25
13.3830504758 28.4188237057 0 0.714948876614 25
63.6266741464 27.6877370712 0 0.746790980357 25
301.244008402 25.7519338412 0 0.912239048413 25
235.088683404 27.9466273814 0 0.735265912 25
352.673469879 26.5596532062 0 0.782253667973 25
152.513898589 26.6589396689 0 0.777575241148 25
249.197325221 26.7853746465 0 0.704614352065 25
