197.921409122 26.0315051746 0 0.658486712062 25
103.84462328 27.8969738915 0 0.853851559935 25
230.677439396 27.9238591238 0 0.817295546874 25
124.368548924 27.6452935244 0 0.948318884553 25
241.35931937 27.4470026467 0 0.756097964857 25
259.907860702 29.9034447308 0 0.682162102533 25
243.94176946 25.4566841154 0 0.734421062967 25
240.707024208 27.4808070431 0 0.678000258924 25
127.405658511 28.5188722226 0 0.781040951632 25
331.652807959 27.1519180987 0 0.792145319316 25
40.3527384174 28.9897642816 0 0.672524371511 25
347.454750499 27.7454556029 0 0.708253410731 25
309.643245345 25.6011394704 0 0.666687772968 25
346.020674342 25.068024117 0 0.685485845974 25
211.222189042 26.6188482555 0 0.777244642542 25
342.263993903 26.6769713198 0 0.652945265903 25
253.382366111 27.0937566706 0 0.709608870255 25
280.147713751 25.6370872641 0 0.782963927284 25
170.27706141 29.273946239 0 0.854749873909 25
283.384016966 26.8156831401 0 0.757689755456 25
337.993472882 27.8061235928 0 0.676093821062 25
181.763966356 27.3308766902 0 0.853479704375 25
98.0705541271 27.9911983635 0 0.675332782483 25
170.108231637 27.0158065573 0 0.826843191148 25
