355.181856028 25.7753987507 0 0.81036257366 25
298.480725228 28.1962287225 0 0.85835801248 25
16.8983529023 28.5444047677 0 0.770903360089 25
183.649681075 25.9023355811 0 0.7858702102 25
239.761551028 26.2926080332 0 0.885239893772 25
295.751196201 26.5750915516 0 0.916754241613 25
117.565754407 25.71010638 0 0.828754857188 25
132.693198784 29.9976870119 0 0.776310406391 25
300.162336538 26.5182848672 0 0.655572885732 25
203.132798652 28.1905510524 0 0.773970738691 25
249.834034026 27.3913880682 0 0.75205654332 25
132.897505698 28.1040661944 0 0.744239995632 25
286.971134161 26.6431049328 0 0.86050486875 25
223.113272843 27.0776771998 0 0.75987191158 25
46.3574087084 25.9296814765 0 0.801873023553 25
347.59435944 26.0324834042 0 0.661996819151 25
124.649808577 29.099951086 0 0.738769612948 25
181.26858921 29.669907382 0 0.800973378016 25
190.005419192 25.6125298248 0 0.798713105151 25
79.2788867744 27.3266019796 0 0.924221124503 25
144.675797617 28.5298485622 0 0.911295995961 25
82.3036909125 26.2776133678 0 0.823023787705 25
29.2342141568 27.7799752373 0 0.712957970257 25
19.2458905647 27.1438213921 0 0.874050686139 25
