211.535209082 28.6070311627 0 0.685889890051 25
187.952385819 28.5223008621 0 0.902277184106 25
55.662696074 26.6378571261 0 0.770559610243 25
177.529080599 25.0695547482 0 0.827285109574 25
55.4335682998 28.521636808 0 0.709724355783 25
109.558541643 28.2413693853 0 0.897891158711 25
28.8863430153 26.898400671 0 0.839904011915 25
43.1282808408 28.344371275 0 0.789603783134 25
116.72894364 25.1139764646 0 0.855013434668 25
164.194602601 29.5563632892 0 0.657413207724 25
101.705702614 27.8217029036 0 0.806437080269 25
280.157646728 29.8211145697 0 0.920647571395 25
274.613241452 27.2880313935 0 0.891860623959 25
355.293059812 28.4918768703 0 0.899179989602 25
323.924445193 26.5435760772 0 0.724858655193 25
236.640457082 28.6337931228 0 0.664760437106 25
197.706435825 27.7485116792 0 0.702488283298 25
221.376072645 27.6934361771 0 0.924269978829 25
196.271777885 25.0499577536 0 0.660607894953 25
47.6462988227 28.7282560441 0 0.69734230968 25
204.487923878 26.1598606524 0 0.687772960653 25
241.617829297 28.3124897876 0 0.755444069442 25
252.653261715 26.6596721777 0 0.874353377571 25
328.063553845 28.8945772182 0 0.784194073203 25
