335.384988833 27.6024889404 0 0.673955649891 25
234.329631452 25.5319598673 0 0.799343992587 25
150.367557447 29.4596833907 0 0.697429267229 25
265.697738071 28.6843030829 0 0.732234808695 25
138.911357553 28.6697191798 0 0.724183534367 25
108.800567349 27.1265118458 0 0.703760424828 25
135.688505143 27.8685186223 0 0.845828945189 25
28.2762930952 25.0693219056 0 0.926213257539 25
70.4028661552 28.2168208452 0 0.940949516086 25
17.4171293203 25.3138394884 0 0.770442489893 25
40.8933610655 27.2394015221 0 0.892035100389 25
327.084931005 25.9841174041 0 0.650798488931 25
52.0640603436 27.8118604858 0 0.858642897411 25
245.161372959 27.6186074577 0 0.82863430081 25
334.060948944 27.6729011389 0 0.817017581182 25
139.742555154 29.8538895764 0 0.758319662973 25
138.826044949 26.865383817 0 0.650951711852 25
112.964201048 25.8425173859 0 0.901050724542 25
359.801670927 25.8774619379 0 0.795583669846 25
91.3493184654 26.6628935119 0 0.703640228227 25
311.501569785 26.5143517588 0 0.679666708958 25
274.57680122 28.7664781828 0 0.669024167135 25
166.008456102 26.1795779417 0 0.822812013177 25
299.444325259 29.8381633267 0 0.929302679869 25
