234.670171043 26.6497203405 0 0.92279864416 25
194.270760712 27.8655064384 0 0.758704607463 25
285.059210958 27.4167062233 0 0.810704962072 25
49.6901377131 25.3103930403 0 0.668970103917 25
72.0135110868 25.0871353346 0 0.820353384531 25
120.162962061 26.5824346403 0 0.919447981561 25
95.7686621557 27.8706936235 0 0.904725927863 25
261.622605839 27.1670083989 0 0.761788011137 25
92.7953141219 27.3465821795 0 0.811557584347 25
256.880076559 25.7366781411 0 0.70832632781 25
42.0702965816 25.2133825149 0 0.936670797523 25
63.832623764 28.115786049 0 0.662734426933 25
171.407860352 26.9788966514 0 0.690031883972 25
132.634921385 29.9484736827 0 0.676784797123 25
267.52177686 25.8705673239 0 0.822213955766 25
351.041541754 27.6439953934 0 0.815265537087 25
181.212942876 25.1945405517 0 0.898073262754 25
177.109401424 28.7016102306 0 0.869594644161 25
248.016290859 26.7231332727 0 0.708112355963 25
45.6161754945 27.9605478282 0 0.824377962141 25
196.915454648 26.5051097099 0 0.819331000172 25
200.479589873 25.6772244026 0 0.660841942667 25
253.429986069 28.6673105642 0 0.765479332481 25
5.51952701839 26.7082949155 0 0.710544805114 25
